%YAML:1.0
---
width: 752
height: 480

LEFT.D: !!opencv-matrix
  rows: 1
  cols: 5
  dt: d
  data: [-0.28340811, 0.07395907, 0.00019359, 1.76187114e-05, 0.0]
LEFT.K: !!opencv-matrix
  rows: 3
  cols: 3
  dt: d
  data: [458.654, 0.0, 367.215, 0.0, 457.296, 248.375, 0.0, 0.0, 1.0]
LEFT.R: !!opencv-matrix
  rows: 3
  cols: 3
  dt: d
  data: [0.999966347530033, -0.001422739138722922, 0.008079580483432283, 0.001365741834644127, 0.9999741760894847, 0.007055629199258132, -0.008089410156878961, -0.007044357138835809, 0.9999424675829176]
LEFT.P: !!opencv-matrix
  rows: 3
  cols: 4
  dt: d
  data: [435.2046959714599, 0, 367.4517211914062, 0, 0, 435.2046959714599, 252.2008514404297, 0, 0, 0, 1, 0]

RIGHT.D: !!opencv-matrix
  rows: 1
  cols: 5
  dt: d
  data: [-0.28368365, 0.07451284, -0.00010473, -3.555907e-05, 0.0]
RIGHT.K: !!opencv-matrix
  rows: 3
  cols: 3
  dt: d
  data: [457.587, 0.0, 379.999, 0.0, 456.134, 255.238, 0.0, 0.0, 1]
RIGHT.R: !!opencv-matrix
  rows: 3
  cols: 3
  dt: d
  data: [0.9999633526194376, -0.003625811871560086, 0.007755443660172947, 0.003680398547259526, 0.9999684752771629, -0.007035845251224894, -0.007729688520722713, 0.007064130529506649, 0.999945173484644]
RIGHT.P: !!opencv-matrix
  rows: 3
  cols: 4
  dt: d
  data: [435.2046959714599, 0, 367.4517211914062, -47.90639384423901, 0, 435.2046959714599, 252.2008514404297, 0, 0, 0, 1, 0]

cx: 367.4517211914062
cy: 252.2008514404297
fx: 435.2046959714599
fy: 435.2046959714599
bf: 47.90639384423901

candidateStepsize: 5
lrThreshold: 2
supportTexture: 10
dispMin: 0
dispMax: 255
supportThreshold: 0.85
inconWindowSize: 5
inconThreshold: 5
inconMinSupport: 5

sigDisp: 25.0
sigDist: 10.0
filterRadius: 10

maxValidEdge: 25.0
checkOutlier: 0
badEdgeThresh: 100.0
badAspectThresh: 100.0
badAngleThresh: 10.0
checkNN: 0
boundaryThresh: 10.0

RansacDistance: 0.05
angleThreshWide: 30
distThreshWide: 0.3
reRansacBatch: 10
angleThreshStrict: 20
distThreshStrict: 0.2
angleThreshMerge: 20
distThreshMerge: 0.2

minClusterRatio: 0.025
inlierRatio: 0.2
angleThreshDupPlane: 10
distThreshDupPlane: 0.1
